Resultado: 246.290573	248.628769	240.924500
Tiempo: 17.797349
