Resultado: 184.703033	140.617538	175.985291
Tiempo: 15.782162
