Resultado: 122.306168	126.183250	124.595505
Tiempo: 8.105498
