Resultado: 246.290573	248.628769	240.924500
Tiempo: 13.552953
