Resultado: 84.069511	181.996231	172.214005
Tiempo: 17.271673
