10
sum=0.000071
sum=0.000086
sum=0.000147
sum=0.000211
sum=0.000294
sum=0.000298
sum=0.000309
sum=0.000368
sum=0.000376
sum=0.000407
Resultado: 0.000407
Tiempo: 0.000024
