Resultado: 33.329445
Tiempo: 0.003503
